16 58 25 9 54 17
33 22 59 47 43 5
25 66 17 54 40 2
9 25 46 9 31 17
28 59 9 33 24 5
45 23 11 56 67 5
59 35 10 50 41 4
43 31 43 30 16 19
65 24 60 68 35 12
58 7 41 61 53 10
7 41 37 55 19 1
59 60 28 43 24 25
39 60 36 54 58 25
14 25 19 36 39 20
14 47 5 15 38 9
36 8 9 35 19 16
12 41 32 21 9 22
6 41 14 5 25 25
49 14 59 67 41 6
68 36 57 26 14 23
4 43 38 8 47 2
44 27 34 21 63 13
49 42 21 12 61 16
4 4 2 63 24 21
43 9 47 39 61 10
18 54 66 37 45 25
45 31 68 11 44 13
45 59 26 66 54 7
13 32 52 44 25 25
61 33 45 10 4 11
32 5 65 8 49 2
49 8 15 42 29 15
24 34 56 65 18 23
6 2 43 41 66 10
60 50 53 6 39 5
15 2 19 44 33 9
22 2 23 28 29 7
52 4 49 62 18 22
6 66 43 45 51 6
1 5 11 40 69 14
47 43 28 5 25 10
55 31 2 42 55 23
20 63 66 34 20 22
6 39 16 11 25 24
63 40 66 16 9 1
44 44 17 45 27 5
40 42 19 34 6 24
6 3 41 39 27 19
41 1 68 49 41 11
60 55 40 55 22 22
63 15 15 52 26 11
68 54 68 40 57 16
49 45 40 31 28 14
12 56 28 30 66 22
1 26 69 67 61 23
28 21 49 35 67 6
36 68 18 50 39 6
50 55 31 7 31 20
21 5 48 44 46 6
52 21 45 28 25 24
42 41 52 19 4 14
52 21 58 54 48 14
36 19 5 24 21 13
13 66 27 35 26 8
43 62 64 7 33 18
47 43 53 1 29 11
23 33 32 19 25 24
12 48 8 11 20 2
32 49 14 15 19 10
57 11 63 58 29 6
8 8 28 22 16 16
54 16 57 61 46 1
24 27 56 46 31 23
50 48 38 9 61 22
34 33 43 57 52 17
60 14 57 17 55 10
63 24 32 46 48 20
63 20 19 44 8 21
2 34 44 40 52 17
63 30 23 4 2 12
22 21 22 56 34 21
38 42 17 13 57 19
9 58 39 39 38 22
43 43 59 54 64 16
7 38 31 35 21 8
55 52 43 20 53 1
66 24 3 46 37 13
61 18 52 38 46 4
10 49 8 8 32 15
15 23 38 68 18 15
53 26 62 38 38 2
1 34 27 44 64 16
49 33 12 6 25 26
54 26 48 35 5 8
57 49 42 13 44 1
59 22 59 48 6 2
34 60 36 50 52 22
51 62 6 55 65 13
14 24 44 48 10 5
41 13 53 53 36 14
25 47 4 10 24 16
7 68 5 39 18 3
7 52 41 27 65 16
48 19 18 2 20 25
13 49 8 37 50 2
37 23 55 54 25 3
39 41 41 28 53 21
13 48 47 43 29 14
40 50 5 16 64 18
