61 61 08 61 01 26
60 22 31 50 14 12
68 61 03 43 56 02
68 40 33 63 66 14
41 39 33 50 09 05
62 56 36 15 45 02
55 19 12 43 15 09
04 09 35 40 01 17
26 39 35 53 51 08
61 55 18 36 24 18
18 14 09 13 12 15
04 21 56 57 66 13
67 28 12 65 17 23
15 61 25 15 04 03
42 38 69 46 21 08
61 13 12 17 15 24
49 54 38 08 62 22
15 59 67 58 15 26
49 50 54 22 30 26
20 13 52 44 39 26
23 04 53 06 46 06
11 27 30 67 61 25
43 37 26 37 49 03
64 10 50 34 68 08
37 66 63 04 53 10
38 23 69 58 44 26
69 50 18 65 11 19
44 39 68 01 54 13
57 16 32 39 02 24
19 63 04 08 11 21
69 25 22 16 58 25
63 52 50 58 63 04
50 37 66 19 15 02
41 22 36 55 31 24
29 63 41 24 59 21
13 03 48 59 03 22
59 48 15 34 18 14
28 33 37 55 03 15
08 15 59 06 46 06
38 34 17 04 62 16
53 57 67 50 62 11
63 14 21 66 59 19
67 16 32 69 49 21
13 60 54 44 33 08
41 49 13 07 43 05
49 27 55 45 46 07
23 53 41 65 51 04
25 42 47 32 57 09
10 24 68 61 09 13
33 63 18 34 68 26
47 69 33 32 65 10
52 20 16 48 25 12
09 43 09 18 02 25
08 18 48 18 23 22
17 05 29 42 65 13
25 66 06 54 31 02
01 25 31 19 35 17
50 04 26 11 23 05
49 32 21 47 15 16
16 35 44 32 21 01
53 67 16 52 57 12
69 60 28 17 41 14
32 44 09 40 33 26
63 31 19 36 40 07
16 55 55 57 31 20
60 66 62 11 50 24
58 09 57 21 23 19
54 44 30 64 61 02
10 60 31 30 31 14
60 38 25 55 58 25
68 61 07 16 56 15
04 66 55 50 02 04
63 50 36 43 08 06
69 20 04 50 08 13
17 40 26 35 50 11
07 27 24 25 69 13
56 64 46 01 30 26
25 43 13 65 34 01
43 22 04 58 45 21
12 28 55 07 30 18
19 38 06 15 32 20
32 35 68 65 29 07
59 65 31 04 19 10
10 58 64 08 46 08
32 29 40 31 52 04
27 35 02 30 63 04
60 37 17 59 25 25
18 61 67 56 63 21
09 47 28 12 66 20
46 62 63 29 37 16
59 32 10 67 57 09
01 21 01 18 10 01
02 38 08 25 58 09
36 47 27 26 39 12
32 45 11 05 20 24
20 02 27 37 29 06
40 43 17 64 54 07
49 19 26 22 34 12
02 20 50 39 03 03
22 48 53 08 57 07
69 06 69 28 38 17
67 45 58 67 65 11
12 65 47 19 54 25
19 59 47 32 27 22
14 17 16 20 01 10
50 68 11 52 26 02
54 48 20 64 49 10
01 26 58 55 67 23
56 07 13 18 07 23
39 27 62 44 47 02
48 61 57 24 64 03
55 47 09 26 48 06
67 33 55 58 43 26
58 45 23 40 24 02
38 47 57 51 48 23
25 45 49 40 61 04
04 35 21 65 68 13
04 04 39 51 42 10
08 05 26 28 40 24
54 21 11 34 25 14
33 16 67 63 05 08
44 53 32 55 53 18
25 13 47 28 57 24
32 11 35 31 63 17
48 14 47 35 15 06
32 05 01 36 02 25
51 21 18 42 19 01
61 27 61 51 25 04
37 31 61 58 34 19
62 56 37 33 28 25
27 01 20 06 54 01
09 51 51 61 58 01
23 03 34 58 55 24
30 39 26 35 21 07
04 17 12 47 04 25
34 57 53 57 61 17
22 15 37 01 65 09
09 20 40 32 61 19
38 01 53 05 28 17
47 24 57 04 46 18
22 03 23 48 14 26
02 53 05 63 24 23
09 48 52 67 44 25
54 62 56 49 27 14
58 40 23 09 16 07
48 50 18 67 66 26
49 35 45 68 69 07
31 12 59 12 49 15
46 01 49 48 46 06
25 28 49 19 66 06
36 53 17 58 56 23
59 59 58 19 62 11
25 62 28 04 30 15
31 65 47 56 40 23
09 27 20 64 01 15
69 61 39 01 23 04
66 18 33 47 52 09
48 32 44 63 27 25
47 41 15 26 45 16
67 43 35 52 02 02
23 02 05 20 40 21
67 54 12 67 02 09
48 19 33 31 18 16
59 42 28 59 40 03
56 32 51 67 50 17
38 02 14 16 14 05
03 64 35 37 06 12
04 34 38 67 63 14
04 60 21 50 10 26
54 67 65 07 06 18
47 43 57 32 02 05
31 42 30 13 43 17
13 37 05 15 25 21
50 44 45 23 27 13
39 13 14 45 12 06
59 68 34 09 03 18
30 38 59 54 51 06
57 65 21 57 07 04
59 62 38 31 07 19
34 29 23 06 35 17
31 60 01 03 64 06
56 01 40 65 55 13
31 64 01 54 21 16
32 09 37 35 45 07
56 54 05 01 65 25
23 36 27 11 62 02
66 07 44 28 65 10
43 62 01 29 23 05
68 16 15 32 52 07
19 31 45 56 16 06
23 10 53 68 26 15
05 08 01 23 51 15
56 65 05 15 49 12
67 59 34 46 41 04
47 39 31 53 41 05
36 12 31 30 58 25
33 62 06 16 63 06
06 48 63 53 17 25
51 24 02 68 10 24
21 43 04 41 65 23
15 64 46 59 47 23
19 63 23 21 17 18
31 19 43 35 42 21
33 04 57 15 19 19
53 03 03 32 34 25
55 63 22 25 38 06
32 31 51 67 25 13
08 21 17 37 62 23
32 03 16 26 58 02
24 32 60 44 54 19
27 47 24 16 59 13
50 31 59 52 09 15
65 36 16 04 29 25
37 03 41 02 42 05
61 30 18 52 05 14
17 59 03 44 26 06
28 38 05 28 31 04
26 07 16 61 36 16
30 29 24 07 03 06
51 20 52 16 44 13
27 22 02 08 25 04
43 05 68 01 48 10
30 03 18 15 67 11
01 55 35 44 67 03
17 23 35 22 69 07
03 69 55 36 35 21
43 36 07 47 50 11
67 26 21 38 69 11
45 53 03 44 21 21
52 63 46 17 66 26
02 51 07 58 04 01
56 37 15 36 12 24
50 14 31 60 45 09
57 64 30 09 02 14
40 46 01 07 33 22
05 29 37 61 19 19
66 32 08 65 47 07
01 56 34 01 52 24
57 09 20 50 16 12
24 50 65 23 22 17
39 49 44 27 23 03
34 02 05 68 44 21
04 68 50 14 20 01
56 23 01 13 18 19
57 65 52 04 25 03
22 64 55 41 19 02
20 13 68 32 26 01
37 02 56 10 43 10
05 69 10 69 15 13
08 44 19 09 34 02
48 66 21 62 47 19
14 22 45 07 40 20
40 68 31 21 07 10
64 15 33 59 23 06
52 43 42 50 10 16
65 64 51 57 49 03
19 55 35 53 18 07
10 31 27 02 60 24
42 43 13 48 46 21
17 14 11 15 11 04
59 40 34 62 12 25
61 10 59 65 58 11
03 42 51 63 29 18
41 23 49 21 09 07
48 58 67 36 31 15
32 56 23 18 01 21
55 02 16 36 41 02
57 29 12 16 08 23
61 26 26 10 16 21
51 23 16 36 51 22
40 63 51 31 10 13
69 39 07 62 46 24
04 21 08 53 19 23
25 56 13 60 34 17
03 04 23 32 02 24
53 54 38 66 32 23
64 15 24 56 54 05
42 23 53 41 07 24
42 36 13 10 69 01
59 56 56 02 36 26
02 31 48 36 07 13
51 01 29 13 10 18
50 46 60 59 35 24
49 31 43 12 15 10
35 59 09 66 57 11
15 48 08 54 13 10
32 07 21 24 19 05
55 21 54 41 42 08
41 35 57 29 29 08
03 25 38 60 32 11
45 64 05 15 63 02
58 33 28 01 06 07
25 37 43 64 66 14
01 29 34 66 65 05
32 10 45 43 57 06
07 54 11 22 57 06
16 26 38 40 68 16
65 10 38 17 44 01
61 15 09 64 27 05
11 56 17 23 43 18
50 53 35 51 11 20
06 50 17 35 67 12
68 21 62 49 12 26
28 20 56 32 17 26
58 56 25 12 17 07
39 36 06 53 68 06
61 64 29 43 41 02
01 55 07 13 34 17
35 13 17 01 59 07
44 07 11 44 45 16
54 24 20 07 29 18
54 52 02 56 16 08
05 54 20 30 69 15
59 56 41 07 40 11
44 08 67 54 34 06
08 55 47 59 57 19
01 15 30 62 51 18
27 03 54 66 53 20
48 54 19 44 09 07
52 04 55 52 37 02
44 57 40 52 45 20
25 16 67 38 69 25
26 33 38 40 35 13
19 63 53 45 38 24
10 69 29 59 10 15
06 60 34 38 49 19
45 07 16 15 61 21
14 41 03 57 61 21
49 14 30 28 13 05
53 09 53 65 33 11
31 40 11 44 30 20
54 38 01 68 36 07
09 66 32 54 56 24
57 16 54 20 07 08
59 11 58 45 35 16
41 10 04 41 19 04
62 26 13 09 59 22
22 03 69 13 43 26
51 05 27 08 48 23
63 40 38 10 27 25
60 62 62 65 09 08
47 17 18 10 14 06
04 04 69 67 12 11
01 29 40 46 24 22
69 19 62 28 63 07
08 29 08 27 43 04
53 55 34 50 34 06
53 20 61 16 52 21
32 12 55 28 66 09
05 22 05 62 46 16
21 09 61 43 46 26
45 20 37 38 46 19
44 13 46 60 42 08
49 34 27 12 33 03
65 31 57 33 59 10
69 09 18 01 29 23
03 26 49 23 69 12
61 06 01 49 37 19
38 65 62 58 13 10
02 43 07 68 13 11
68 61 38 68 42 13
09 20 54 17 39 25
26 52 36 68 53 20
56 69 66 14 43 11
63 17 05 34 66 12
39 12 54 07 44 04
52 07 29 42 03 04
26 27 58 01 43 12
23 07 66 45 65 10
35 63 66 06 25 21
09 62 10 40 13 10
66 19 65 54 44 09
14 51 15 50 41 05
54 66 24 65 45 01
63 40 39 45 06 03
31 08 28 41 61 11
30 06 64 55 14 04
34 09 16 26 36 25
16 55 20 45 67 05
39 61 01 01 35 01
55 11 53 48 01 04
13 02 39 04 61 20
46 20 43 04 67 10
13 10 64 14 64 25
33 31 67 23 10 11
69 10 16 07 39 09
30 53 24 42 61 11
17 28 23 65 53 20
48 68 12 29 56 16
22 56 21 48 47 16
15 20 24 42 56 20
29 14 33 58 52 17
66 23 33 25 30 05
61 40 16 37 29 23
65 46 44 16 54 05
67 18 41 04 45 21
54 24 23 03 21 13
49 55 22 56 64 02
40 03 17 22 64 03
31 38 05 52 38 03
45 40 20 35 29 15
31 18 14 44 32 13
36 47 17 51 31 23
06 17 24 50 55 23
39 63 02 12 06 02
54 51 38 27 52 24
15 35 53 11 19 26
17 21 37 50 50 25
40 20 02 03 65 18
62 63 13 46 23 24
16 14 35 39 63 05
50 63 68 02 47 25
50 05 11 35 63 04
29 61 06 17 42 22
05 52 52 63 05 24
16 06 67 68 38 20
66 19 14 50 44 13
39 29 39 66 45 11
31 67 07 22 62 12
19 54 49 35 06 24
69 21 61 02 34 16
14 04 44 37 03 21
59 01 39 22 15 17
11 21 12 56 07 05
23 27 60 24 49 25
64 06 24 51 67 08
21 66 12 64 45 15
50 42 37 07 01 08
56 48 65 01 08 09
60 19 36 20 56 04
62 65 22 17 41 21
54 06 43 25 07 18
16 05 20 40 40 04
54 66 69 56 40 05
25 06 09 62 28 21
08 29 31 63 08 26
14 58 27 57 54 17
05 54 64 35 46 20
36 65 20 02 18 19
53 37 27 38 62 11
39 05 14 08 36 06
44 66 49 19 15 24
69 44 14 24 20 05
62 47 65 29 55 20
66 12 17 07 28 18
53 68 47 62 13 23
17 09 05 43 16 04
11 63 27 10 33 17
02 08 09 18 60 22
50 19 23 38 53 24
11 51 34 25 19 06
67 60 33 37 09 21
45 01 43 63 25 16
26 49 49 10 22 16
17 42 57 39 28 13
15 15 61 41 20 01
63 49 27 55 34 23
54 59 61 03 16 01
18 24 12 15 38 10
07 17 61 22 57 19
17 44 66 57 42 06
08 13 31 31 05 03
34 45 66 61 49 20
20 34 13 34 46 24
49 53 25 06 63 14
13 59 32 61 43 05
02 47 54 63 23 11
69 35 11 38 32 11
51 68 21 66 31 23
35 06 29 44 09 03
33 67 05 65 63 11
21 17 52 07 50 22
51 48 50 04 07 14
38 59 28 51 09 26
34 10 22 18 26 21
59 46 47 37 57 08
55 46 13 50 12 17
39 08 15 47 57 22
40 44 60 17 39 01
68 09 07 26 58 21
10 46 28 55 57 03
03 55 35 27 50 23
16 49 24 10 05 12
50 46 41 57 61 22
09 48 15 44 35 24
19 39 41 28 01 09
01 25 67 62 08 25
67 08 47 47 36 18
01 47 44 30 18 18
51 22 65 62 31 16
09 29 09 06 57 03
43 11 05 06 45 23
55 36 50 64 35 11
59 07 02 38 41 06
44 07 25 35 50 12
28 68 53 62 28 09
47 63 08 35 68 08
04 42 46 58 57 03
19 28 14 66 43 07
23 08 68 53 13 14
61 41 37 11 12 04
66 16 60 51 67 26
52 38 49 36 04 09
47 49 13 53 60 24
58 33 52 26 24 08
68 50 53 45 07 06
38 29 38 14 11 19
12 32 26 21 10 05
02 21 36 01 44 23
05 28 13 21 11 04
44 53 44 64 44 23
50 34 07 44 26 17
55 21 33 47 19 19
25 41 43 26 44 12
38 49 56 22 07 23
08 06 36 08 44 04
19 29 30 36 34 13
58 31 05 36 01 23
18 61 35 31 46 10
66 33 16 26 42 10
38 68 67 34 38 22
54 65 60 11 34 20
59 69 50 35 21 24
25 18 28 40 46 01
42 66 58 12 46 14
29 55 07 60 22 13
19 12 51 58 19 14
01 47 15 30 35 16
43 12 56 16 50 07
23 67 04 24 65 04
29 21 09 65 02 12
57 05 48 57 16 12
18 64 69 69 35 07
39 62 63 29 42 17
24 16 20 49 23 20
62 54 03 67 25 08
17 35 24 59 29 14
53 16 60 31 17 15
11 65 30 49 29 20
48 43 21 38 58 08
31 31 61 06 26 17
37 12 63 53 13 14
10 39 36 02 19 12
42 44 56 69 37 20
01 65 42 12 16 16
69 33 11 37 17 05
22 25 16 40 42 17
12 60 09 29 08 18
32 17 31 31 55 02
08 11 21 65 30 25
37 59 23 26 51 10
30 46 40 44 20 06
50 05 65 25 13 11
28 59 37 50 14 08
23 36 65 54 01 21
48 29 23 27 20 07
66 04 35 50 35 16
50 43 13 63 06 18
21 68 29 41 13 23
45 21 17 37 53 23
47 64 68 25 50 02
59 27 38 64 14 04
49 29 46 63 62 15
56 04 63 32 55 02
51 38 60 13 67 16
57 41 02 29 63 24
48 47 01 20 16 15
55 47 19 43 62 01
46 40 39 19 45 22
47 65 17 04 21 08
35 30 21 22 65 01
55 60 23 34 25 25
39 42 53 62 15 08
03 53 52 30 44 12
12 32 46 68 52 25
22 52 32 15 07 03
08 08 07 57 18 06
52 09 53 47 33 18
11 50 26 52 65 14
38 31 07 33 43 19
64 66 67 26 50 06
18 27 05 45 08 21
47 67 26 40 53 02
19 35 11 69 22 25
32 47 18 22 18 20
29 57 58 50 30 25
35 41 22 64 61 12
66 36 16 67 10 25
09 69 30 62 36 14
24 23 21 37 63 20
08 66 25 46 46 05
43 61 48 21 39 25
41 48 24 60 36 22
07 51 54 32 35 19
21 07 51 48 30 09
19 06 20 03 09 12
47 14 29 67 59 04
66 55 61 49 19 05
09 28 52 24 60 21
69 27 68 55 60 05
49 25 52 46 51 24
39 30 05 48 67 10
23 01 21 65 27 21
30 62 64 10 41 23
27 05 11 58 32 18
45 50 19 40 40 25
33 08 17 18 65 16
34 67 49 55 64 01
63 69 12 40 48 21
56 47 14 50 52 26
45 67 34 09 22 24
05 36 46 12 48 22
28 09 57 35 42 23
66 28 04 48 20 01
40 60 33 36 07 19
36 09 56 59 10 23
23 66 36 31 54 22
49 20 16 69 08 18
51 55 04 38 13 21
68 60 13 11 02 07
09 40 05 52 39 23
56 33 37 57 45 25
02 21 45 33 05 13
32 66 51 34 01 25
54 44 06 13 56 03
27 11 47 34 08 12
34 35 14 28 64 03
31 34 18 26 17 25
63 38 44 39 38 21
68 63 34 12 02 16
50 66 19 50 67 18
48 05 62 54 40 08
33 40 10 10 32 20
57 27 10 47 54 14
69 20 16 20 06 08
39 68 44 10 17 09
50 29 10 21 61 05
44 59 29 33 46 17
57 51 40 61 56 26
40 49 43 02 29 15
49 32 37 02 08 18
64 59 49 64 59 23
50 37 38 07 51 08
27 30 17 32 37 04
16 67 20 06 24 06
40 51 61 66 20 21
17 42 27 67 44 13
35 33 05 68 13 15
35 55 46 31 56 11
04 49 18 16 34 09
39 15 30 44 61 22
64 36 05 44 23 04
07 52 38 65 33 08
02 03 62 02 40 25
