5069903
6542832
5369434
6105331
6786616
5580455
5154882
5949133
5700768
6104360
6977680
6486628
5329535
5139483
6685270
6786676
5292780
5485499
6498378
6523265
5624104
5382940
5185813
5582336
5458800
5779506
5593638
5448207
5444931
6903164
6028090
6878647
5305252
5906506
5102142
6790639
5361987
5410485
5399210
6041834
6896521
6788213
6311942
6765983
5652814
6086742
6197835
6490863
6851554
6525051
5754960
5458739
6720987
6386213
6344178
5863321
5902038
6467700
6106969
5389867
6954207
6530976
5323277
5132185
5692096
6214175
5276515
6136427
6610960
6148094
5212337
5308738
5902140
5201268
6439254
5186201
5832799
6771976
5822622
5571106
6955994
6117432
6768768
5934003
6849201
5554153
5605353
6490389
6568765
5105227
5820620
6956086
5254450
5963469
5966759
5877500
5605047
5762658
6887374
5457550
5992255
5242200
5187061
5282074
5673233
5716513
5738045
5633256
6197609
6516901
6393200
5230902
5269376
6973399
5131302
5048343
5156365
5151692
6487092
5114309
5074099
5881912
5669332
5323531
5219498
5513181
6213681
6913496
6548726
5419093
5467569
6715888
6067484
5221617
5982250
6083864
5361501
5575630
6365621
5798433
6173081
5792781
6855362
5795082
5610761
5209420
6591883
6898716
5645225
6827659
5763718
6065512
6061223
6901602
6168911
5904375
6487611
5506911
5338518
5832163
5557504
6803294
5374272
5119591
5116061
6313837
5703050
5354077
6254059
5226012
5239948
6579738
6538009
6112022
5165030
5110172
6144297
6537422
5266125
6780598
6405799
5217847
6516245
6200546
5231396
6863278
5228542
5898231
5565466
5081194
6078445
6245035
6334277
5002049
6489809
5900068
6085691
5995969
6361925
6795066
